[SAMPLE1]
95 -95 95 -95 95 -95 95 -95 127 106 85 64 42 21 0 0 32 74 106 74 32 0 -21 0 32 74 127 74 32 0 -53 0 32 74 106 74 32 0 -21 0 32 74 127 74 32 0 -53 0 50 86 100 86 50 0 -50 -86 -100 -86 -50 0 50 86 100 86 50 0 -50 -86 -100 -86 -50 -42 -32 -21 -11 0 11 21 32 42 53 64 74 85 95 106 116 127 127 127 -127 74 32 0 -32 -53 -74 -95 -106 -127 0
-127 -127 -127 -127 -127 -127 -127 -127 -106 -106 -116 -116 -127 -127 -127 -127 -127 -53 -127 -127 -127 -53 -127 -127 -127 -53 -127 -127 -127 -53 -127 -127 -127 -53 -127 -127 -127 -53 -127 -127 -127 -53 -127 -127 -127 -53 -127 -127 -127 -106 -127 -127 -127 -106 -127 -127 -127 -106 -127 -127 -127 -106 -127 -127 -127 -106 -127 -127 -127 -106 -127 -127 -74 -127 -74 -127 -74 -127 -74 -127 -74 -127 -74 -127 -74 -127 -74 -127 -127 -127 -106 -106 -127 -127 -127 -127 -127 -127 -127 0 0
[BOSS0]
30 40 50 30 40 50 60 70 80 60 70 80 40 30 20 40 20 25
40 30 40 30
[BOSS1]
20 30 20 30 20 35 40 35 20 20 20 30 20 30 20 35 40 50 60 55 50 40 55 60 40 20 -10 -20 10 20 30 50 30
30 45 30 20 10 -20 20 -20 20 10 20 10 15
[PIGGY] ; oink oink
l10 s170
0 0 0 0 0 0 0 0 5 0 0 0 0 0 0 0 5 0 0 0 0 0 0 10 0 0 0 0 0 0 20 0 0 0 0 0 0 30 0 0 0 0 0 0 0 40 0 0 0 50 0 0 0 60 50 40 30 20 10 20 30 40 0 0 0 0 5 25 27 23 40 23 30 21 12 25 43 20 30 20 0 0 0 0 0 30 32 28 33 45 30 20 10 40 10 40 10 9 8 6 30 30 5 25 27 23 40 23 30 21 12 25 43 20 30 20
0 29 0 29 0 29 0 29 0 29 0 29 0 29 0 29 0 29 0 29 30 35 37 33 32 27 28 27 28 27 29 28 27 ; COMMENT
[HAPPY]
20 20 20 20 20 20 20  20 20 30 35 20 35 20 40 35 37 23 32 30 37 40 43 45 33 23 20 10 -3 4 5 8 20 40 50 40 35 30 25 20
29 30 35 37 33 32 27 28 27 28 27 29 28 27 29
[TEST]
70 70 70 ; COMMENT MID BLOCK ; 70 70 70
0
[SIREN]
l85 60
70 60
0